{
 "cells": [
  {
   "cell_type": "code",
   "execution_count": 1,
   "metadata": {
    "collapsed": false
   },
   "outputs": [],
   "source": [
    "from rpy2.robjects import r\n",
    "from rpy2.robjects import pandas2ri\n",
    "def data(name): return pandas2ri.ri2py(r[name])\n",
    "# imports\n",
    "import pandas as pd\n",
    "import matplotlib.pyplot as plt\n",
    "import numpy as np\n",
    "# this allows plots to appear directly in the notebook\n",
    "%matplotlib inline"
   ]
  },
  {
   "cell_type": "code",
   "execution_count": 2,
   "metadata": {
    "collapsed": false
   },
   "outputs": [
    {
     "data": {
      "text/html": [
       "<div>\n",
       "<table border=\"1\" class=\"dataframe\">\n",
       "  <thead>\n",
       "    <tr style=\"text-align: right;\">\n",
       "      <th></th>\n",
       "      <th>mpg</th>\n",
       "      <th>cyl</th>\n",
       "      <th>disp</th>\n",
       "      <th>hp</th>\n",
       "      <th>drat</th>\n",
       "      <th>wt</th>\n",
       "      <th>qsec</th>\n",
       "      <th>vs</th>\n",
       "      <th>am</th>\n",
       "      <th>gear</th>\n",
       "      <th>carb</th>\n",
       "    </tr>\n",
       "  </thead>\n",
       "  <tbody>\n",
       "    <tr>\n",
       "      <th>count</th>\n",
       "      <td>32.000000</td>\n",
       "      <td>32.000000</td>\n",
       "      <td>32.000000</td>\n",
       "      <td>32.000000</td>\n",
       "      <td>32.000000</td>\n",
       "      <td>32.000000</td>\n",
       "      <td>32.000000</td>\n",
       "      <td>32.000000</td>\n",
       "      <td>32.000000</td>\n",
       "      <td>32.000000</td>\n",
       "      <td>32.0000</td>\n",
       "    </tr>\n",
       "    <tr>\n",
       "      <th>mean</th>\n",
       "      <td>20.090625</td>\n",
       "      <td>6.187500</td>\n",
       "      <td>230.721875</td>\n",
       "      <td>146.687500</td>\n",
       "      <td>3.596563</td>\n",
       "      <td>3.217250</td>\n",
       "      <td>17.848750</td>\n",
       "      <td>0.437500</td>\n",
       "      <td>0.406250</td>\n",
       "      <td>3.687500</td>\n",
       "      <td>2.8125</td>\n",
       "    </tr>\n",
       "    <tr>\n",
       "      <th>std</th>\n",
       "      <td>6.026948</td>\n",
       "      <td>1.785922</td>\n",
       "      <td>123.938694</td>\n",
       "      <td>68.562868</td>\n",
       "      <td>0.534679</td>\n",
       "      <td>0.978457</td>\n",
       "      <td>1.786943</td>\n",
       "      <td>0.504016</td>\n",
       "      <td>0.498991</td>\n",
       "      <td>0.737804</td>\n",
       "      <td>1.6152</td>\n",
       "    </tr>\n",
       "    <tr>\n",
       "      <th>min</th>\n",
       "      <td>10.400000</td>\n",
       "      <td>4.000000</td>\n",
       "      <td>71.100000</td>\n",
       "      <td>52.000000</td>\n",
       "      <td>2.760000</td>\n",
       "      <td>1.513000</td>\n",
       "      <td>14.500000</td>\n",
       "      <td>0.000000</td>\n",
       "      <td>0.000000</td>\n",
       "      <td>3.000000</td>\n",
       "      <td>1.0000</td>\n",
       "    </tr>\n",
       "    <tr>\n",
       "      <th>25%</th>\n",
       "      <td>15.425000</td>\n",
       "      <td>4.000000</td>\n",
       "      <td>120.825000</td>\n",
       "      <td>96.500000</td>\n",
       "      <td>3.080000</td>\n",
       "      <td>2.581250</td>\n",
       "      <td>16.892500</td>\n",
       "      <td>0.000000</td>\n",
       "      <td>0.000000</td>\n",
       "      <td>3.000000</td>\n",
       "      <td>2.0000</td>\n",
       "    </tr>\n",
       "    <tr>\n",
       "      <th>50%</th>\n",
       "      <td>19.200000</td>\n",
       "      <td>6.000000</td>\n",
       "      <td>196.300000</td>\n",
       "      <td>123.000000</td>\n",
       "      <td>3.695000</td>\n",
       "      <td>3.325000</td>\n",
       "      <td>17.710000</td>\n",
       "      <td>0.000000</td>\n",
       "      <td>0.000000</td>\n",
       "      <td>4.000000</td>\n",
       "      <td>2.0000</td>\n",
       "    </tr>\n",
       "    <tr>\n",
       "      <th>75%</th>\n",
       "      <td>22.800000</td>\n",
       "      <td>8.000000</td>\n",
       "      <td>326.000000</td>\n",
       "      <td>180.000000</td>\n",
       "      <td>3.920000</td>\n",
       "      <td>3.610000</td>\n",
       "      <td>18.900000</td>\n",
       "      <td>1.000000</td>\n",
       "      <td>1.000000</td>\n",
       "      <td>4.000000</td>\n",
       "      <td>4.0000</td>\n",
       "    </tr>\n",
       "    <tr>\n",
       "      <th>max</th>\n",
       "      <td>33.900000</td>\n",
       "      <td>8.000000</td>\n",
       "      <td>472.000000</td>\n",
       "      <td>335.000000</td>\n",
       "      <td>4.930000</td>\n",
       "      <td>5.424000</td>\n",
       "      <td>22.900000</td>\n",
       "      <td>1.000000</td>\n",
       "      <td>1.000000</td>\n",
       "      <td>5.000000</td>\n",
       "      <td>8.0000</td>\n",
       "    </tr>\n",
       "  </tbody>\n",
       "</table>\n",
       "</div>"
      ],
      "text/plain": [
       "             mpg        cyl        disp          hp       drat         wt  \\\n",
       "count  32.000000  32.000000   32.000000   32.000000  32.000000  32.000000   \n",
       "mean   20.090625   6.187500  230.721875  146.687500   3.596563   3.217250   \n",
       "std     6.026948   1.785922  123.938694   68.562868   0.534679   0.978457   \n",
       "min    10.400000   4.000000   71.100000   52.000000   2.760000   1.513000   \n",
       "25%    15.425000   4.000000  120.825000   96.500000   3.080000   2.581250   \n",
       "50%    19.200000   6.000000  196.300000  123.000000   3.695000   3.325000   \n",
       "75%    22.800000   8.000000  326.000000  180.000000   3.920000   3.610000   \n",
       "max    33.900000   8.000000  472.000000  335.000000   4.930000   5.424000   \n",
       "\n",
       "            qsec         vs         am       gear     carb  \n",
       "count  32.000000  32.000000  32.000000  32.000000  32.0000  \n",
       "mean   17.848750   0.437500   0.406250   3.687500   2.8125  \n",
       "std     1.786943   0.504016   0.498991   0.737804   1.6152  \n",
       "min    14.500000   0.000000   0.000000   3.000000   1.0000  \n",
       "25%    16.892500   0.000000   0.000000   3.000000   2.0000  \n",
       "50%    17.710000   0.000000   0.000000   4.000000   2.0000  \n",
       "75%    18.900000   1.000000   1.000000   4.000000   4.0000  \n",
       "max    22.900000   1.000000   1.000000   5.000000   8.0000  "
      ]
     },
     "execution_count": 2,
     "metadata": {},
     "output_type": "execute_result"
    }
   ],
   "source": [
    "df = data('mtcars')  \n",
    "df.describe()  "
   ]
  },
  {
   "cell_type": "markdown",
   "metadata": {},
   "source": [
    "### Implementation of the equivalent of dot in lm(y ~., data = ) in R formula:\n",
    "df_col = df.columns  \n",
    "pred = \"\"  \n",
    "for i in df_col[1:]:  \n",
    "    pred = pred + i + \"+\"  \n",
    "form = \"mpg~\"+ pred[:40]  \n",
    "#### This is the standard import if you're using \"formula notation\" (similar to R)  \n",
    "import statsmodels.formula.api as smf  \n",
    "\n",
    "#### create a fitted model in one line\n",
    "lm = smf.ols(formula=form, data=df).fit()"
   ]
  },
  {
   "cell_type": "code",
   "execution_count": 3,
   "metadata": {
    "collapsed": false
   },
   "outputs": [
    {
     "data": {
      "text/html": [
       "<div>\n",
       "<table border=\"1\" class=\"dataframe\">\n",
       "  <thead>\n",
       "    <tr style=\"text-align: right;\">\n",
       "      <th></th>\n",
       "      <th>mpg</th>\n",
       "      <th>cyl</th>\n",
       "      <th>disp</th>\n",
       "      <th>hp</th>\n",
       "      <th>drat</th>\n",
       "      <th>wt</th>\n",
       "      <th>qsec</th>\n",
       "      <th>vs</th>\n",
       "      <th>am</th>\n",
       "      <th>gear</th>\n",
       "      <th>carb</th>\n",
       "    </tr>\n",
       "  </thead>\n",
       "  <tbody>\n",
       "    <tr>\n",
       "      <th>mpg</th>\n",
       "      <td>36.324103</td>\n",
       "      <td>-9.172379</td>\n",
       "      <td>-633.097208</td>\n",
       "      <td>-320.732056</td>\n",
       "      <td>2.195064</td>\n",
       "      <td>-5.116685</td>\n",
       "      <td>4.509149</td>\n",
       "      <td>2.017137</td>\n",
       "      <td>1.803931</td>\n",
       "      <td>2.135685</td>\n",
       "      <td>-5.363105</td>\n",
       "    </tr>\n",
       "    <tr>\n",
       "      <th>cyl</th>\n",
       "      <td>-9.172379</td>\n",
       "      <td>3.189516</td>\n",
       "      <td>199.660282</td>\n",
       "      <td>101.931452</td>\n",
       "      <td>-0.668367</td>\n",
       "      <td>1.367371</td>\n",
       "      <td>-1.886855</td>\n",
       "      <td>-0.729839</td>\n",
       "      <td>-0.465726</td>\n",
       "      <td>-0.649194</td>\n",
       "      <td>1.520161</td>\n",
       "    </tr>\n",
       "    <tr>\n",
       "      <th>disp</th>\n",
       "      <td>-633.097208</td>\n",
       "      <td>199.660282</td>\n",
       "      <td>15360.799829</td>\n",
       "      <td>6721.158669</td>\n",
       "      <td>-47.064019</td>\n",
       "      <td>107.684204</td>\n",
       "      <td>-96.051681</td>\n",
       "      <td>-44.377621</td>\n",
       "      <td>-36.564012</td>\n",
       "      <td>-50.802621</td>\n",
       "      <td>79.068750</td>\n",
       "    </tr>\n",
       "    <tr>\n",
       "      <th>hp</th>\n",
       "      <td>-320.732056</td>\n",
       "      <td>101.931452</td>\n",
       "      <td>6721.158669</td>\n",
       "      <td>4700.866935</td>\n",
       "      <td>-16.451109</td>\n",
       "      <td>44.192661</td>\n",
       "      <td>-86.770081</td>\n",
       "      <td>-24.987903</td>\n",
       "      <td>-8.320565</td>\n",
       "      <td>-6.358871</td>\n",
       "      <td>83.036290</td>\n",
       "    </tr>\n",
       "    <tr>\n",
       "      <th>drat</th>\n",
       "      <td>2.195064</td>\n",
       "      <td>-0.668367</td>\n",
       "      <td>-47.064019</td>\n",
       "      <td>-16.451109</td>\n",
       "      <td>0.285881</td>\n",
       "      <td>-0.372721</td>\n",
       "      <td>0.087141</td>\n",
       "      <td>0.118649</td>\n",
       "      <td>0.190151</td>\n",
       "      <td>0.275988</td>\n",
       "      <td>-0.078407</td>\n",
       "    </tr>\n",
       "    <tr>\n",
       "      <th>wt</th>\n",
       "      <td>-5.116685</td>\n",
       "      <td>1.367371</td>\n",
       "      <td>107.684204</td>\n",
       "      <td>44.192661</td>\n",
       "      <td>-0.372721</td>\n",
       "      <td>0.957379</td>\n",
       "      <td>-0.305482</td>\n",
       "      <td>-0.273661</td>\n",
       "      <td>-0.338105</td>\n",
       "      <td>-0.421081</td>\n",
       "      <td>0.675790</td>\n",
       "    </tr>\n",
       "    <tr>\n",
       "      <th>qsec</th>\n",
       "      <td>4.509149</td>\n",
       "      <td>-1.886855</td>\n",
       "      <td>-96.051681</td>\n",
       "      <td>-86.770081</td>\n",
       "      <td>0.087141</td>\n",
       "      <td>-0.305482</td>\n",
       "      <td>3.193166</td>\n",
       "      <td>0.670565</td>\n",
       "      <td>-0.204960</td>\n",
       "      <td>-0.280403</td>\n",
       "      <td>-1.894113</td>\n",
       "    </tr>\n",
       "    <tr>\n",
       "      <th>vs</th>\n",
       "      <td>2.017137</td>\n",
       "      <td>-0.729839</td>\n",
       "      <td>-44.377621</td>\n",
       "      <td>-24.987903</td>\n",
       "      <td>0.118649</td>\n",
       "      <td>-0.273661</td>\n",
       "      <td>0.670565</td>\n",
       "      <td>0.254032</td>\n",
       "      <td>0.042339</td>\n",
       "      <td>0.076613</td>\n",
       "      <td>-0.463710</td>\n",
       "    </tr>\n",
       "    <tr>\n",
       "      <th>am</th>\n",
       "      <td>1.803931</td>\n",
       "      <td>-0.465726</td>\n",
       "      <td>-36.564012</td>\n",
       "      <td>-8.320565</td>\n",
       "      <td>0.190151</td>\n",
       "      <td>-0.338105</td>\n",
       "      <td>-0.204960</td>\n",
       "      <td>0.042339</td>\n",
       "      <td>0.248992</td>\n",
       "      <td>0.292339</td>\n",
       "      <td>0.046371</td>\n",
       "    </tr>\n",
       "    <tr>\n",
       "      <th>gear</th>\n",
       "      <td>2.135685</td>\n",
       "      <td>-0.649194</td>\n",
       "      <td>-50.802621</td>\n",
       "      <td>-6.358871</td>\n",
       "      <td>0.275988</td>\n",
       "      <td>-0.421081</td>\n",
       "      <td>-0.280403</td>\n",
       "      <td>0.076613</td>\n",
       "      <td>0.292339</td>\n",
       "      <td>0.544355</td>\n",
       "      <td>0.326613</td>\n",
       "    </tr>\n",
       "    <tr>\n",
       "      <th>carb</th>\n",
       "      <td>-5.363105</td>\n",
       "      <td>1.520161</td>\n",
       "      <td>79.068750</td>\n",
       "      <td>83.036290</td>\n",
       "      <td>-0.078407</td>\n",
       "      <td>0.675790</td>\n",
       "      <td>-1.894113</td>\n",
       "      <td>-0.463710</td>\n",
       "      <td>0.046371</td>\n",
       "      <td>0.326613</td>\n",
       "      <td>2.608871</td>\n",
       "    </tr>\n",
       "  </tbody>\n",
       "</table>\n",
       "</div>"
      ],
      "text/plain": [
       "             mpg         cyl          disp           hp       drat  \\\n",
       "mpg    36.324103   -9.172379   -633.097208  -320.732056   2.195064   \n",
       "cyl    -9.172379    3.189516    199.660282   101.931452  -0.668367   \n",
       "disp -633.097208  199.660282  15360.799829  6721.158669 -47.064019   \n",
       "hp   -320.732056  101.931452   6721.158669  4700.866935 -16.451109   \n",
       "drat    2.195064   -0.668367    -47.064019   -16.451109   0.285881   \n",
       "wt     -5.116685    1.367371    107.684204    44.192661  -0.372721   \n",
       "qsec    4.509149   -1.886855    -96.051681   -86.770081   0.087141   \n",
       "vs      2.017137   -0.729839    -44.377621   -24.987903   0.118649   \n",
       "am      1.803931   -0.465726    -36.564012    -8.320565   0.190151   \n",
       "gear    2.135685   -0.649194    -50.802621    -6.358871   0.275988   \n",
       "carb   -5.363105    1.520161     79.068750    83.036290  -0.078407   \n",
       "\n",
       "              wt       qsec         vs         am       gear       carb  \n",
       "mpg    -5.116685   4.509149   2.017137   1.803931   2.135685  -5.363105  \n",
       "cyl     1.367371  -1.886855  -0.729839  -0.465726  -0.649194   1.520161  \n",
       "disp  107.684204 -96.051681 -44.377621 -36.564012 -50.802621  79.068750  \n",
       "hp     44.192661 -86.770081 -24.987903  -8.320565  -6.358871  83.036290  \n",
       "drat   -0.372721   0.087141   0.118649   0.190151   0.275988  -0.078407  \n",
       "wt      0.957379  -0.305482  -0.273661  -0.338105  -0.421081   0.675790  \n",
       "qsec   -0.305482   3.193166   0.670565  -0.204960  -0.280403  -1.894113  \n",
       "vs     -0.273661   0.670565   0.254032   0.042339   0.076613  -0.463710  \n",
       "am     -0.338105  -0.204960   0.042339   0.248992   0.292339   0.046371  \n",
       "gear   -0.421081  -0.280403   0.076613   0.292339   0.544355   0.326613  \n",
       "carb    0.675790  -1.894113  -0.463710   0.046371   0.326613   2.608871  "
      ]
     },
     "execution_count": 3,
     "metadata": {},
     "output_type": "execute_result"
    }
   ],
   "source": [
    "df.cov()"
   ]
  },
  {
   "cell_type": "code",
   "execution_count": 4,
   "metadata": {
    "collapsed": false
   },
   "outputs": [],
   "source": [
    "# this is the standard import if you're using \"formula notation\" (similar to R)\n",
    "import statsmodels.formula.api as smf\n",
    "\n",
    "# create a fitted model in one line\n",
    "lm = smf.ols(formula='mpg~wt+am+qsec', data=df).fit()"
   ]
  },
  {
   "cell_type": "code",
   "execution_count": 5,
   "metadata": {
    "collapsed": false
   },
   "outputs": [
    {
     "data": {
      "text/html": [
       "<table class=\"simpletable\">\n",
       "<caption>OLS Regression Results</caption>\n",
       "<tr>\n",
       "  <th>Dep. Variable:</th>           <td>mpg</td>       <th>  R-squared:         </th> <td>   0.850</td>\n",
       "</tr>\n",
       "<tr>\n",
       "  <th>Model:</th>                   <td>OLS</td>       <th>  Adj. R-squared:    </th> <td>   0.834</td>\n",
       "</tr>\n",
       "<tr>\n",
       "  <th>Method:</th>             <td>Least Squares</td>  <th>  F-statistic:       </th> <td>   52.75</td>\n",
       "</tr>\n",
       "<tr>\n",
       "  <th>Date:</th>             <td>Thu, 29 Sep 2016</td> <th>  Prob (F-statistic):</th> <td>1.21e-11</td>\n",
       "</tr>\n",
       "<tr>\n",
       "  <th>Time:</th>                 <td>20:35:56</td>     <th>  Log-Likelihood:    </th> <td> -72.060</td>\n",
       "</tr>\n",
       "<tr>\n",
       "  <th>No. Observations:</th>      <td>    32</td>      <th>  AIC:               </th> <td>   152.1</td>\n",
       "</tr>\n",
       "<tr>\n",
       "  <th>Df Residuals:</th>          <td>    28</td>      <th>  BIC:               </th> <td>   158.0</td>\n",
       "</tr>\n",
       "<tr>\n",
       "  <th>Df Model:</th>              <td>     3</td>      <th>                     </th>     <td> </td>   \n",
       "</tr>\n",
       "<tr>\n",
       "  <th>Covariance Type:</th>      <td>nonrobust</td>    <th>                     </th>     <td> </td>   \n",
       "</tr>\n",
       "</table>\n",
       "<table class=\"simpletable\">\n",
       "<tr>\n",
       "      <td></td>         <th>coef</th>     <th>std err</th>      <th>t</th>      <th>P>|t|</th> <th>[95.0% Conf. Int.]</th> \n",
       "</tr>\n",
       "<tr>\n",
       "  <th>Intercept</th> <td>    9.6178</td> <td>    6.960</td> <td>    1.382</td> <td> 0.178</td> <td>   -4.638    23.874</td>\n",
       "</tr>\n",
       "<tr>\n",
       "  <th>wt</th>        <td>   -3.9165</td> <td>    0.711</td> <td>   -5.507</td> <td> 0.000</td> <td>   -5.373    -2.460</td>\n",
       "</tr>\n",
       "<tr>\n",
       "  <th>am</th>        <td>    2.9358</td> <td>    1.411</td> <td>    2.081</td> <td> 0.047</td> <td>    0.046     5.826</td>\n",
       "</tr>\n",
       "<tr>\n",
       "  <th>qsec</th>      <td>    1.2259</td> <td>    0.289</td> <td>    4.247</td> <td> 0.000</td> <td>    0.635     1.817</td>\n",
       "</tr>\n",
       "</table>\n",
       "<table class=\"simpletable\">\n",
       "<tr>\n",
       "  <th>Omnibus:</th>       <td> 2.574</td> <th>  Durbin-Watson:     </th> <td>   1.714</td>\n",
       "</tr>\n",
       "<tr>\n",
       "  <th>Prob(Omnibus):</th> <td> 0.276</td> <th>  Jarque-Bera (JB):  </th> <td>   2.213</td>\n",
       "</tr>\n",
       "<tr>\n",
       "  <th>Skew:</th>          <td> 0.540</td> <th>  Prob(JB):          </th> <td>   0.331</td>\n",
       "</tr>\n",
       "<tr>\n",
       "  <th>Kurtosis:</th>      <td> 2.297</td> <th>  Cond. No.          </th> <td>    296.</td>\n",
       "</tr>\n",
       "</table>"
      ],
      "text/plain": [
       "<class 'statsmodels.iolib.summary.Summary'>\n",
       "\"\"\"\n",
       "                            OLS Regression Results                            \n",
       "==============================================================================\n",
       "Dep. Variable:                    mpg   R-squared:                       0.850\n",
       "Model:                            OLS   Adj. R-squared:                  0.834\n",
       "Method:                 Least Squares   F-statistic:                     52.75\n",
       "Date:                Thu, 29 Sep 2016   Prob (F-statistic):           1.21e-11\n",
       "Time:                        20:35:56   Log-Likelihood:                -72.060\n",
       "No. Observations:                  32   AIC:                             152.1\n",
       "Df Residuals:                      28   BIC:                             158.0\n",
       "Df Model:                           3                                         \n",
       "Covariance Type:            nonrobust                                         \n",
       "==============================================================================\n",
       "                 coef    std err          t      P>|t|      [95.0% Conf. Int.]\n",
       "------------------------------------------------------------------------------\n",
       "Intercept      9.6178      6.960      1.382      0.178        -4.638    23.874\n",
       "wt            -3.9165      0.711     -5.507      0.000        -5.373    -2.460\n",
       "am             2.9358      1.411      2.081      0.047         0.046     5.826\n",
       "qsec           1.2259      0.289      4.247      0.000         0.635     1.817\n",
       "==============================================================================\n",
       "Omnibus:                        2.574   Durbin-Watson:                   1.714\n",
       "Prob(Omnibus):                  0.276   Jarque-Bera (JB):                2.213\n",
       "Skew:                           0.540   Prob(JB):                        0.331\n",
       "Kurtosis:                       2.297   Cond. No.                         296.\n",
       "==============================================================================\n",
       "\n",
       "Warnings:\n",
       "[1] Standard Errors assume that the covariance matrix of the errors is correctly specified.\n",
       "\"\"\""
      ]
     },
     "execution_count": 5,
     "metadata": {},
     "output_type": "execute_result"
    }
   ],
   "source": [
    "lm.summary()"
   ]
  },
  {
   "cell_type": "code",
   "execution_count": 34,
   "metadata": {
    "collapsed": false
   },
   "outputs": [
    {
     "data": {
      "text/html": [
       "<div>\n",
       "<table border=\"1\" class=\"dataframe\">\n",
       "  <thead>\n",
       "    <tr style=\"text-align: right;\">\n",
       "      <th></th>\n",
       "      <th>actual</th>\n",
       "      <th>predicted</th>\n",
       "    </tr>\n",
       "  </thead>\n",
       "  <tbody>\n",
       "    <tr>\n",
       "      <th>0</th>\n",
       "      <td>21.0</td>\n",
       "      <td>22.470461</td>\n",
       "    </tr>\n",
       "  </tbody>\n",
       "</table>\n",
       "</div>"
      ],
      "text/plain": [
       "   actual  predicted\n",
       "0    21.0  22.470461"
      ]
     },
     "execution_count": 34,
     "metadata": {},
     "output_type": "execute_result"
    }
   ],
   "source": [
    "X_new = df.iloc[0:1,[5,6,8]]\n",
    "# use the model to make predictions on a new value\n",
    "predicted = lm.predict(X_new)\n",
    "actual = df.iloc[1,0]\n",
    "pd.DataFrame({'actual':actual, 'predicted':predicted})"
   ]
  }
 ],
 "metadata": {
  "anaconda-cloud": {},
  "kernelspec": {
   "display_name": "Python [Root]",
   "language": "python",
   "name": "Python [Root]"
  },
  "language_info": {
   "codemirror_mode": {
    "name": "ipython",
    "version": 3
   },
   "file_extension": ".py",
   "mimetype": "text/x-python",
   "name": "python",
   "nbconvert_exporter": "python",
   "pygments_lexer": "ipython3",
   "version": "3.5.2"
  }
 },
 "nbformat": 4,
 "nbformat_minor": 0
}
